Position;Real lat;Real Long;Google Lat;Google Long;Google + GioLayer Lat;Google+Gio Long;Google + Kalman Filter + GioLayerLat;Google + Kalman Filter + GioLong

0;43.7202349;10.4085332;43.720213;10.4085124;43.720213;10.4085124;43.720213;10.4085124;
1;43.7202749;10.4085332;43.7202212;10.408515;43.7202212;10.408515;43.7202161;10.4085134;
2;43.7203047;10.4085332;43.7202234;10.4085186;43.7202234;10.4085371;43.7202188;10.4085153;
3;43.7203331;10.4085332;43.7202469;10.4085167;43.7202469;10.4085371;43.720229;10.408537;
4;43.7203591;10.4085332;43.7202548;10.4085179;43.7202548;10.4085371;43.7202383;10.408537;
5;43.7203928;10.4085332;43.7202832;10.4085188;43.7202832;10.4085371;43.7202545;10.408537;
6;43.7204195;10.4085332;43.720298;10.4085179;43.720298;10.4085371;43.7202701;10.408537;
7;43.7204514;10.4085332;43.7203542;10.4084988;43.7203542;10.4085371;43.7203003;10.408537;
8;43.7204868;10.4085332;43.7204002;10.4084839;43.7204141;10.4084839;43.7203362;10.408537;
9;43.7205244;10.4085332;43.7204796;10.4084976;43.7204796;10.4084976;43.720414000000005;10.4084999;
10;43.7205564;10.4085332;43.7205253;10.4085065;43.720508;10.4085065;43.720437;10.4085023;
11;43.7205825;10.4085332;43.7205638;10.4085193;43.7205638;10.4085321;43.7204825;10.4085084;
12;43.7206227;10.4085332;43.7206088;10.4085268;43.7206088;10.4085321;43.7205278;10.408532000000001;
13;43.7206495;10.4085332;43.7206367;10.4085304;43.7206367;10.4085321;43.7205669;10.408532000000001;
14;43.7206762;10.4085332;43.7206643;10.4085299;43.7206643;10.4085321;43.7206018;10.408532000000001;
15;43.7207157;10.4085332;43.7207048;10.4085269;43.7207048;10.4085321;43.7206388;10.408532000000001;
16;43.7207421;10.4085332;43.7207262;10.4085327;43.7207262;10.4085321;43.7206702;10.4085278;
17;43.7207696;10.4085332;43.7207504;10.4085394;43.7207504;10.4085394;43.720699;10.408532000000001;
18;43.7208094;10.4085332;43.7207791;10.4085508;43.7207791;10.4085394;43.7207277;10.4085387;
19;43.720837;10.4085332;43.7207992;10.4085575;43.7207992;10.4085394;43.7207534;10.4085387;
20;43.7208626;10.4085332;43.7208177;10.4085584;43.7208177;10.4085394;43.7207765;10.4085387;
21;43.7209026;10.4085331;43.7208599;10.4085488;43.7208599;10.4085394;43.7208064;10.4085387;
22;43.7209369;10.4085331;43.7209025;10.40854;43.7209025;10.40854;43.7208409;10.4085387;
23;43.7209638;10.4085331;43.7209342;10.4085351;43.7209342;10.4085351;43.7208744;10.4085387;
24;43.7209961;10.4085331;43.7209689;10.4085339;43.7209689;10.4085339;43.7209083;10.4085393;
25;43.7210222;10.4085331;43.7209931;10.4085368;43.7209931;10.4085368;43.7209387;10.4085384;
26;43.7210639;10.4085331;43.7210282;10.4085413;43.7210282;10.4085368;43.7209708;10.4085395;
27;43.7210893;10.4085331;43.7210489;10.4085436;43.7210489;10.4085368;43.7209989;10.4085395;
Position;Real lat;Real Long;Google Lat;Google Long;Google + GioLayer Lat;Google+Gio Long;Google + Kalman Filter + GioLayerLat;Google + Kalman Filter + GioLong

0;43.7210497;10.4085241;43.7209093;10.4085178;43.7209093;10.4085178;43.7209093;10.4085178;
1;43.7210153;10.4085245;43.7209222;10.4085243;43.7209222;10.4085243;43.7209142;10.4085203;
2;43.7209881;10.4085249;43.7209016;10.4085307;43.7209016;10.4085307;43.7209096;10.4085241;
3;43.7209619;10.4085253;43.7208892;10.4085327;43.7208892;10.4085327;43.7209022;10.4085272;
4;43.7209286;10.4085257;43.7208769;10.4085354;43.7208769;10.4085354;43.7208931;10.4085302;
5;43.7208891;10.4085263;43.7208565;10.4085342;43.7208565;10.4085342;43.72088;10.4085316;
6;43.720863;10.4085266;43.7207816;10.4085328;43.7207816;10.4085342;43.7208446;10.408532000000001;
7;43.7208361;10.408527;43.7207351;10.4085343;43.7207351;10.4085343;43.7208053;10.408532000000001;
8;43.7208152;10.4085272;43.7207003;10.4085376;43.7207003;10.4085376;43.7207676;10.4085346;
9;43.7207771;10.4085278;43.7206399;10.4085477;43.7206399;10.4085376;43.7207218;10.4085393;
10;43.7207358;10.4085283;43.7205957;10.4085603;43.7205957;10.4085376;43.7206766;10.4085393;
11;43.7207177;10.4085286;43.7205776;10.4085662;43.7205776;10.4085391;43.7206411;10.4085393;
12;43.7206776;10.4085291;43.7205435;10.4085769;43.7205435;10.4085391;43.7206061;10.4085393;
13;43.7206439;10.4085296;43.7205209;10.408581;43.7205209;10.4085391;43.7205756;10.4085393;
14;43.7206173;10.4085299;43.720501;10.4085766;43.720501;10.4085391;43.7205489;10.408539000000001;
15;43.7205902;10.4085303;43.7204778;10.4085728;43.7204778;10.4085391;43.7205234;10.408539000000001;
16;43.7205578;10.4085307;43.7204533;10.4085706;43.7204533;10.4085391;43.7204983;10.408539000000001;
17;43.7205307;10.4085311;43.7204352;10.4085698;43.7204352;10.4085391;43.7204757;10.408539000000001;
18;43.7205039;10.4085315;43.7204155;10.4085713;43.7204155;10.4085391;43.7204541;10.408539000000001;
19;43.7204698;10.4085319;43.7203921;10.408573;43.7203921;10.4085391;43.7204319;10.408539000000001;
20;43.7204287;10.4085325;43.7203666;10.4085464;43.7203666;10.4085391;43.7204085;10.408539000000001;
21;43.7204019;10.4085328;43.7203455;10.4085286;43.7203455;10.4085391;43.7203859;10.408539000000001;
22;43.7203741;10.4085332;43.7203174;10.4085124;43.7203174;10.4085391;43.7203613;10.408539000000001;
23;43.7203418;10.4085336;43.7202841;10.4085036;43.7202841;10.4085371;43.7203336;10.408539000000001;
24;43.7203149;10.408534;43.7202554;10.4085002;43.7202554;10.4085371;43.7203056;10.408539000000001;
25;43.720288;10.4085344;43.7202255;10.4084981;43.7202255;10.4085371;43.7202769;10.408539000000001;
26;43.7202528;10.4085348;43.7201888;10.4084964;43.720183;10.4084964;43.7202453;10.408537;
27;43.7202256;10.4085352;43.7201628;10.408495;43.7201628;10.408495;43.7202157;10.408537;
Position;Real lat;Real Long;Google Lat;Google Long;Google + GioLayer Lat;Google+Gio Long;Google + Kalman Filter + GioLayerLat;Google + Kalman Filter + GioLong

0;43.720192;10.4085341;43.7202326;10.4085109;43.7202326;10.4085109;43.7202326;10.4085109;
1;43.7201959;10.4085341;43.7202414;10.4085131;43.7202414;10.4085131;43.720236;10.4085118;
2;43.7201993;10.408534;43.720252;10.4085175;43.720252;10.4085371;43.7202419;10.4085139;
3;43.7202045;10.408534;43.7202688;10.4085257;43.7202688;10.4085371;43.7202517;10.408537;
4;43.7202081;10.408534;43.7202811;10.40853;43.7202811;10.4085371;43.7202623;10.408537;
5;43.7202116;10.4085339;43.7202915;10.4085286;43.7202915;10.4085371;43.7202728;10.408537;
6;43.7202152;10.4085339;43.7203003;10.408526;43.7203003;10.4085371;43.7202827;10.408537;
7;43.7202187;10.4085338;43.7203067;10.4085252;43.7203067;10.4085371;43.7202913;10.408537;
8;43.7202225;10.4085338;43.7203164;10.4085281;43.7203164;10.4085371;43.7203004;10.408537;
9;43.7202269;10.4085338;43.7203303;10.4085308;43.7203303;10.4085371;43.7203111;10.408537;
10;43.7202308;10.4085337;43.7203322;10.4085298;43.7203322;10.4085371;43.7203187;10.408537;
11;43.7202345;10.4085337;43.7203384;10.4085312;43.7203384;10.4085371;43.7203258;10.408537;
12;43.7202381;10.4085336;43.7203476;10.408535;43.7203476;10.4085371;43.7203337;10.408537;
13;43.7202417;10.4085336;43.7203586;10.4085379;43.7203586;10.4085371;43.7203426;10.408537;
14;43.7202472;10.4085335;43.7203859;10.4085333;43.7203859;10.4085371;43.7203582;10.408537;
15;43.7202508;10.4085335;43.7203992;10.4085333;43.7203992;10.4085371;43.720373;10.408537;
16;43.7202543;10.4085335;43.7204101;10.4085341;43.7204101;10.4085371;43.7203863;10.408537;
Position;Real lat;Real Long;Google Lat;Google Long;Google + GioLayer Lat;Google+Gio Long;Google + Kalman Filter + GioLayerLat;Google + Kalman Filter + GioLong

0;43.7204813;10.4085358;43.7205009;10.4084817;43.7205009;10.4084817;43.7205009;10.4084817;
1;43.7205008;10.4085358;43.7205018;10.4084825;43.7205018;10.4084825;43.7205013;10.4084821;
2;43.7205339;10.4085356;43.7205047;10.4084839;43.7205047;10.4084839;43.7205026;10.4084827;
3;43.720547;10.4085356;43.7205156;10.4085046;43.720508;10.4085046;43.720507999999995;10.4084907;
4;43.7205759;10.4085355;43.7205383;10.4085413;43.7205383;10.4085413;43.720507999999995;10.408509;
5;43.7205896;10.4085354;43.7205416;10.408545;43.7205416;10.4085391;43.7205268;10.408532000000001;
6;43.7206236;10.4085353;43.7205781;10.4085628;43.7205781;10.4085391;43.7205453;10.4085366;
7;43.7206436;10.4085353;43.7205939;10.4085733;43.7205939;10.4085391;43.7205627;10.4085366;
8;43.720657;10.4085352;43.7206009;10.4085782;43.7206009;10.4085391;43.7205765;10.4085366;
9;43.7206886;10.4085351;43.7206348;10.4085736;43.7206348;10.4085391;43.7205974;10.4085366;
10;43.7207039;10.408535;43.7206485;10.4085734;43.7206485;10.4085391;43.7206158;10.4085366;
11;43.7207203;10.408535;43.7206591;10.4085735;43.7206591;10.4085391;43.7206313;10.4085366;
12;43.7207563;10.4085349;43.7207059;10.408574;43.7207059;10.4085391;43.7206581;10.4085366;
13;43.7207695;10.4085348;43.72072;10.4085744;43.72072;10.4085391;43.7206804;10.4085366;
14;43.7208041;10.4085347;43.7207538;10.4085754;43.7207538;10.4085391;43.7207067;10.4085366;
15;43.7208252;10.4085346;43.7207728;10.4085782;43.7207728;10.4085391;43.7207305;10.4085366;
16;43.7208456;10.4085346;43.720786;10.4085805;43.720786;10.4085391;43.7207504;10.4085366;
17;43.7208598;10.4085345;43.7208004;10.4085767;43.7208004;10.4085391;43.7207684;10.4085366;
18;43.7208923;10.4085344;43.7208392;10.4085673;43.7208392;10.4085391;43.7207938;10.4085366;
19;43.7209061;10.4085343;43.7208532;10.4085649;43.7208532;10.4085391;43.7208152;10.4085366;
20;43.7209349;10.4085342;43.7208858;10.4085612;43.7208858;10.4085391;43.7208405;10.4085366;
21;43.7209555;10.4085342;43.7209158;10.4085577;43.7209158;10.4085391;43.7208676;10.4085366;
22;43.720983;10.4085341;43.7209488;10.4085565;43.7209488;10.4085391;43.7208967;10.4085366;
23;43.7209969;10.408534;43.7209672;10.4085559;43.7209672;10.4085391;43.7209221;10.4085366;
24;43.7210157;10.408534;43.7209909;10.4085558;43.7209909;10.4085391;43.7209468;10.4085366;
25;43.7210443;10.4085339;43.7210192;10.4085566;43.7210192;10.4085391;43.7209728;10.4085366;
26;43.7210631;10.4085338;43.721035;10.408557;43.721035;10.4085391;43.7209951;10.4085366;
27;43.7210789;10.4085337;43.7210481;10.4085568;43.7210481;10.4085391;43.7210142;10.4085366;
Position;Real lat;Real Long;Google Lat;Google Long;Google + GioLayer Lat;Google+Gio Long;Google + Kalman Filter + GioLayerLat;Google + Kalman Filter + GioLong

0;43.7210979;10.4085377;43.7209321;10.4084996;43.7209321;10.4084996;43.7209321;10.4084996;
1;43.7210602;10.4085374;43.7209364;10.4085055;43.7209364;10.4085055;43.7209338;10.4085019;
2;43.7210401;10.4085373;43.7209375;10.4085088;43.7209375;10.4085321;43.7209352;10.4085044;
3;43.7210121;10.4085371;43.7209377;10.408511;43.7209377;10.4085321;43.7209361;10.408532000000001;
4;43.7209905;10.408537;43.7209297;10.4085148;43.7209297;10.4085321;43.7209338;10.408532000000001;
5;43.7209709;10.4085369;43.7209201;10.4085213;43.720916;10.4085213;43.720915999999995;10.4085139;
6;43.720952;10.4085367;43.7209151;10.4085251;43.720916;10.4085251;43.720915999999995;10.408518;
7;43.7209251;10.4085366;43.7209114;10.4085261;43.7209114;10.4085261;43.720915999999995;10.4085209;
8;43.7208937;10.4085364;43.7209093;10.4085302;43.7209093;10.4085302;43.720915999999995;10.4085243;
9;43.7208668;10.4085362;43.7209104;10.4085406;43.7209104;10.4085391;43.7209139;10.4085301;
10;43.7208469;10.408536;43.7209101;10.4085437;43.7209101;10.4085391;43.7209126;10.408535;
11;43.7208077;10.4085358;43.7209031;10.4085425;43.7209031;10.4085391;43.7209092;10.4085377;
12;43.7207884;10.4085357;43.720894;10.4085419;43.720894;10.4085391;43.7209037;10.4085392;
13;43.7207693;10.4085355;43.7208874;10.4085434;43.7208874;10.4085391;43.7208979;10.4085392;
14;43.7207478;10.4085354;43.7208824;10.4085451;43.7208824;10.4085391;43.7208923;10.4085392;
15;43.7207283;10.4085353;43.7208783;10.4085462;43.7208783;10.4085391;43.7208873;10.4085392;
16;43.7207001;10.4085351;43.7208287;10.4085574;43.7208287;10.4085391;43.7208662;10.4085392;
17;43.7206706;10.4085349;43.7207676;10.4085736;43.7207676;10.4085391;43.7208308;10.4085392;
18;43.7206332;10.4085347;43.7207162;10.408588;43.7207162;10.4085391;43.7207897;10.4085392;
19;43.7206142;10.4085345;43.7206916;10.4085953;43.7206916;10.4085391;43.7207545;10.408539000000001;
20;43.7205937;10.4085344;43.7206693;10.4086025;43.7206693;10.4085391;43.7207239;10.408539000000001;
21;43.7205744;10.4085343;43.7206518;10.4086077;43.7206518;10.4085391;43.720698;10.408539000000001;
22;43.7205358;10.408534;43.7206214;10.4086125;43.7206214;10.4085391;43.7206706;10.408539000000001;
23;43.7205165;10.4085339;43.7206081;10.4086131;43.7206081;10.4085391;43.7206482;10.408539000000001;
24;43.7204774;10.4085336;43.7205863;10.4086139;43.7205863;10.4085391;43.720626;10.408539000000001;
Position;Real lat;Real Long;Google Lat;Google Long;Google + GioLayer Lat;Google+Gio Long;Google + Kalman Filter + GioLayerLat;Google + Kalman Filter + GioLong

0;43.7206192;10.4082658;43.7205967;10.4083419;43.7205967;10.4083419;43.7205967;10.4083419;
1;43.7205927;10.4082657;43.7205787;10.4083225;43.7205787;10.4083225;43.72059;10.4083346;
2;43.7205679;10.4082656;43.7205776;10.4083211;43.7205776;10.408279;43.7205855;10.4083297;
3;43.720549;10.4082656;43.7205728;10.4083203;43.7205728;10.408279;43.7205809;10.408279;
4;43.720523;10.4082655;43.7205594;10.4083144;43.7205594;10.408279;43.7205732;10.408279;
5;43.7204984;10.4082654;43.7205485;10.4083082;43.7205485;10.408279;43.7205643;10.408279;
6;43.7204733;10.4082653;43.7205298;10.4082974;43.7205298;10.408279;43.7205519;10.408279;
7;43.7204478;10.4082653;43.7205173;10.4082901;43.7205173;10.408279;43.7205395;10.408279;
8;43.7204212;10.4082652;43.7204851;10.4082987;43.7204851;10.4082987;43.720507999999995;10.4083014;
9;43.7204087;10.4082651;43.7204739;10.4082997;43.7204739;10.4082997;43.7205035;10.4083008;
10;43.7203833;10.4082651;43.7204447;10.4082972;43.7204447;10.4082972;43.7204824;10.4082995;
11;43.7203577;10.408265;43.720404;10.4082913;43.720404;10.408279;43.7204543;10.4082966;
12;43.720332;10.4082649;43.7203732;10.4082844;43.7203732;10.408279;43.7204252;10.4082922;
13;43.7203077;10.4082648;43.7203335;10.4082745;43.7203335;10.4082745;43.7203923;10.408279;
14;43.7202811;10.4082647;43.7203003;10.4082672;43.7203003;10.4082672;43.7203593;10.4082792;
15;43.7202562;10.4082647;43.7202687;10.4082648;43.7202687;10.4082648;43.7203268;10.4082741;
16;43.7202298;10.4082646;43.7202409;10.4082647;43.7202409;10.4082647;43.720296;10.4082707;
17;43.720204;10.4082645;43.7202142;10.4082759;43.7202142;10.4082759;43.7202667;10.4082726;
Position;Real lat;Real Long;Google Lat;Google Long;Google + GioLayer Lat;Google+Gio Long;Google + Kalman Filter + GioLayerLat;Google + Kalman Filter + GioLong

0;43.7211147;10.4082636;43.7210165;10.4083795;43.7210165;10.4083795;43.7210165;10.4083795;
1;43.7211007;10.4082639;43.7210122;10.40838;43.7210122;10.40838;43.7210149;10.4083797;
2;43.7210877;10.4082643;43.7210041;10.4083771;43.7210041;10.408279;43.721011;10.4083788;
3;43.7210608;10.4082649;43.7209869;10.4083716;43.7209869;10.408279;43.7210023;10.408279;
4;43.7210471;10.4082653;43.7209792;10.4083711;43.720916;10.4083711;43.720994;10.408279;
5;43.7210313;10.4082657;43.7209711;10.4083691;43.720916;10.4083691;43.7209858;10.408279;
6;43.721012;10.4082662;43.7209469;10.4083638;43.720916;10.4083638;43.720915999999995;10.4083694;
7;43.720999;10.4082665;43.7209279;10.4083611;43.720916;10.4083611;43.720915999999995;10.4083664;
8;43.7209865;10.4082668;43.7209172;10.4083594;43.720916;10.4083594;43.720915999999995;10.4083639;
9;43.7209718;10.4082672;43.7209084;10.4083582;43.7209084;10.4083582;43.720915999999995;10.4083619;
10;43.7209579;10.4082675;43.7209063;10.4083505;43.7209063;10.4083505;43.720915999999995;10.4083578;
11;43.7209318;10.4082682;43.7208898;10.4083462;43.7208898;10.4083462;43.7209102;10.4083537;
12;43.7209179;10.4082685;43.7208799;10.4083455;43.7208799;10.4083455;43.7208993;10.4083508;
13;43.7209042;10.4082689;43.720875;10.4083534;43.720875;10.4083534;43.7208906;10.4083517;
14;43.7208896;10.4082692;43.7208696;10.4083639;43.720875;10.4083639;43.7208831;10.4083561;
15;43.720877;10.4082696;43.7208625;10.4083665;43.720872;10.4083665;43.7208757;10.4083599;
16;43.7208618;10.4082699;43.7208523;10.4083681;43.720872;10.4083681;43.720872;10.4083628;
17;43.7208435;10.4082704;43.7208369;10.408365;43.720872;10.408365;43.720872;10.4083636;
18;43.72083;10.4082707;43.720825;10.4083792;43.720872;10.4083792;43.720872;10.4083693;
19;43.7208094;10.4082712;43.7208102;10.4083872;43.720872;10.4083872;43.720872;10.4083757;
20;43.7207945;10.4082716;43.7208023;10.4083877;43.720872;10.4083877;43.720872;10.40838;
21;43.7207806;10.408272;43.7207806;10.408373;43.7207806;10.408279;43.720872;10.4083775;
22;43.720753;10.4082727;43.7207391;10.4083485;43.720693;10.4083485;43.7207826;10.408279;
23;43.7207207;10.4082735;43.7207025;10.4083239;43.720693;10.4083239;43.7207539;10.408279;
24;43.7207066;10.4082738;43.7206842;10.408315;43.7206842;10.408315;43.720693;10.4083385;
25;43.720693;10.4082742;43.7206683;10.4083071;43.7206683;10.4083071;43.720693;10.4083272;
26;43.7206796;10.4082745;43.7206544;10.4083007;43.7206671;10.4083007;43.7206882;10.4083177;
Position;Real lat;Real Long;Google Lat;Google Long;Google + GioLayer Lat;Google+Gio Long;Google + Kalman Filter + GioLayerLat;Google + Kalman Filter + GioLong

0;43.7206195;10.4082677;43.7205589;10.4083317;43.7205589;10.4083317;43.7205589;10.4083317;
1;43.720593;10.4082667;43.7205451;10.4083198;43.7205451;10.4083198;43.7205538;10.4083273;
2;43.7205747;10.4082659;43.7205407;10.4083143;43.7205407;10.408279;43.720549;10.4083225;
3;43.7205419;10.4082646;43.7205327;10.4083067;43.7205327;10.408279;43.7205431;10.408279;
4;43.7205279;10.408264;43.7205264;10.4083027;43.7205264;10.408279;43.7205371;10.408279;
5;43.7204945;10.4082626;43.7205228;10.4082961;43.7205228;10.408279;43.720532;10.408279;
6;43.7204763;10.4082619;43.7205071;10.4082952;43.7205071;10.408279;43.720507999999995;10.4083022;
7;43.7204442;10.4082606;43.720492;10.4082901;43.720492;10.4082901;43.720507999999995;10.4082979;
8;43.7204232;10.4082597;43.7204784;10.4082949;43.7204784;10.4082949;43.7204999;10.4082969;
9;43.7203906;10.4082584;43.7204507;10.4083105;43.7204507;10.4083105;43.7204823;10.4083018;
10;43.7203782;10.4082579;43.720442;10.4083138;43.720442;10.4083138;43.7204678;10.4083061;
11;43.720351;10.4082568;43.7204076;10.4083177;43.7204141;10.4083177;43.7204462;10.4083103;
12;43.7203251;10.4082557;43.7203775;10.4083178;43.7203775;10.408279;43.7204216;10.408313;
13;43.7202986;10.4082546;43.7203468;10.4083161;43.7203468;10.408279;43.720414000000005;10.4083141;
14;43.7202708;10.4082535;43.7203097;10.4083148;43.7203097;10.408279;43.7203643;10.408279;
15;43.7202519;10.4082527;43.7202912;10.4083148;43.7202912;10.408279;43.7203381;10.408279;
16;43.7202195;10.4082514;43.7202481;10.4083219;43.7202481;10.408279;43.7203058;10.408279;
17;43.7202061;10.4082508;43.7202319;10.4083239;43.7202319;10.408279;43.7202793;10.408279;
Position;Real lat;Real Long;Google Lat;Google Long;Google + GioLayer Lat;Google+Gio Long;Google + Kalman Filter + GioLayerLat;Google + Kalman Filter + GioLong

0;43.7202157;10.4082669;43.7202054;10.4083314;43.7202054;10.4083314;43.7202054;10.4083314;
1;43.7202283;10.4082671;43.7202104;10.40833;43.7202104;10.40833;43.7202073;10.4083309;
2;43.7202407;10.4082672;43.7202166;10.4083278;43.720183;10.4083278;43.7202108;10.4083298;
3;43.7202529;10.4082674;43.7202192;10.4083263;43.7202192;10.408279;43.720183;10.4083285;
4;43.7202769;10.4082677;43.7202542;10.4083214;43.7202542;10.408279;43.7202284;10.408279;
5;43.7202888;10.4082679;43.7203014;10.4083181;43.7203014;10.408279;43.7202547;10.408279;
6;43.7203024;10.408268;43.7203251;10.4083178;43.7203251;10.408279;43.72028;10.408279;
7;43.7203269;10.4082684;43.7203413;10.4083135;43.7203413;10.408279;43.720302;10.408279;
8;43.7203391;10.4082685;43.7203491;10.4083106;43.7203491;10.408279;43.7203189;10.408279;
9;43.7203519;10.4082687;43.7203551;10.4083088;43.7203551;10.408279;43.7203319;10.408279;
10;43.7203643;10.4082689;43.7203611;10.4083073;43.7203611;10.408279;43.7203424;10.408279;
11;43.7203883;10.4082692;43.7203947;10.4083051;43.7203947;10.408279;43.7203612;10.408279;
12;43.7204017;10.4082693;43.7204109;10.4083022;43.7204109;10.408279;43.7203791;10.408279;
13;43.7204144;10.4082695;43.7204239;10.4082994;43.7204239;10.4082994;43.7203952;10.408279;
14;43.7204262;10.4082697;43.7204346;10.4082973;43.7204346;10.4082973;43.7204094;10.408279;
15;43.7204505;10.40827;43.7204629;10.4082938;43.7204629;10.4082938;43.7204286;10.4082988;
16;43.7204639;10.4082701;43.7204757;10.4082929;43.7204757;10.4082929;43.7204455;10.4082967;
17;43.7204757;10.4082703;43.7204855;10.4082932;43.7204855;10.4082932;43.7204599;10.4082955;
18;43.7204879;10.4082705;43.7204948;10.4082965;43.7204948;10.4082965;43.7204724;10.4082959;
19;43.7205131;10.4082708;43.7205107;10.4083029;43.720508;10.4083029;43.7204862;10.4082984;
20;43.7205266;10.408271;43.7205196;10.4083064;43.720508;10.4083064;43.7204982;10.4083013;
21;43.7205388;10.4082711;43.7205285;10.408311;43.720508;10.408311;43.720507999999995;10.4083048;
22;43.7205596;10.4082714;43.7205467;10.4083156;43.7205467;10.408279;43.720507999999995;10.4083087;
23;43.7205699;10.4082715;43.7205554;10.408318;43.7205554;10.408279;43.7205344;10.408279;
24;43.7205834;10.4082717;43.7205666;10.4083196;43.7205666;10.408279;43.720546;10.408279;
25;43.7206086;10.408272;43.7205889;10.4083287;43.7205889;10.408279;43.7205614;10.408279;
26;43.7206214;10.4082722;43.7206019;10.4083323;43.7206019;10.408279;43.720576;10.408279;
27;43.7206338;10.4082723;43.7206134;10.4083356;43.7206134;10.408279;43.7205894;10.408279;
Position;Real lat;Real Long;Google Lat;Google Long;Google + GioLayer Lat;Google+Gio Long;Google + Kalman Filter + GioLayerLat;Google + Kalman Filter + GioLong

0;43.7201617;10.408539;43.7201969;10.4084896;43.7201969;10.4084896;43.7201969;10.4084896;
1;43.7201866;10.4085362;43.7202006;10.408491;43.7202006;10.408491;43.7201983;10.4084902;
2;43.720223;10.4085322;43.7202086;10.4084946;43.720183;10.4084946;43.7202021;10.4084918;
3;43.7202519;10.408529;43.7202182;10.4084992;43.7202182;10.4085371;43.720183;10.4084945;
4;43.7202819;10.4085257;43.7202321;10.4085045;43.7202321;10.4085371;43.7202167;10.408537;
5;43.7203111;10.4085224;43.7202553;10.408514;43.7202553;10.4085371;43.7202306;10.408537;
6;43.7203472;10.4085184;43.7202615;10.4085149;43.7202615;10.4085371;43.7202417;10.408537;
7;43.7203756;10.4085153;43.7202664;10.4085159;43.7202664;10.4085371;43.7202506;10.408537;
8;43.7204064;10.4085119;43.7203063;10.4085247;43.7203063;10.4085371;43.7202706;10.408537;
9;43.7204351;10.4085087;43.7203715;10.4085371;43.7203715;10.4085371;43.7203069;10.408537;
10;43.720465;10.4085054;43.720403;10.4085438;43.720403;10.4085438;43.7203414;10.408537;
11;43.7204934;10.4085022;43.7204686;10.40855;43.7204686;10.4085391;43.7203871;10.408537;
12;43.7205242;10.4084988;43.7205104;10.4085593;43.7205104;10.4085391;43.7204313;10.408537;
Position;Real lat;Real Long;Google Lat;Google Long;Google + GioLayer Lat;Google+Gio Long;Google + Kalman Filter + GioLayerLat;Google + Kalman Filter + GioLong

0;43.7206843;10.4085481;43.7206502;10.4085417;43.7206502;10.4085417;43.7206502;10.4085417;
1;43.7207133;10.4085465;43.7206475;10.4085421;43.7206475;10.4085421;43.7206492;10.4085419;
2;43.720739;10.4085451;43.7206621;10.4085514;43.7206621;10.4085391;43.720654;10.4085454;
3;43.7207652;10.4085437;43.7206621;10.40855;43.7206621;10.4085391;43.7206569;10.408539000000001;
4;43.720799;10.4085419;43.7206817;10.4085457;43.7206817;10.4085391;43.7206659;10.408539000000001;
5;43.7208269;10.4085404;43.7206877;10.4085442;43.7206877;10.4085391;43.7206737;10.408539000000001;
6;43.7208537;10.4085389;43.7207557;10.4085401;43.7207557;10.4085391;43.7207032;10.408539000000001;
7;43.7208796;10.4085375;43.7208007;10.4085361;43.7208007;10.4085361;43.7207382;10.408539000000001;
8;43.7209053;10.4085361;43.7208576;10.4085249;43.7208576;10.4085361;43.7207811;10.4085352;
9;43.7209326;10.4085346;43.7208974;10.4085178;43.7208974;10.4085178;43.7208228;10.4085352;
10;43.7209595;10.4085332;43.7209365;10.4085176;43.7209365;10.4085321;43.7208636;10.4085352;
11;43.7209931;10.4085313;43.7209906;10.4085241;43.7209906;10.4085321;43.7209092;10.4085247;
12;43.7210222;10.4085298;43.721026;10.4085306;43.721026;10.4085321;43.7209511;10.408532000000001;
13;43.7210474;10.4085284;43.7210514;10.4085357;43.7210514;10.4085357;43.7209871;10.408532000000001;
14;43.7210769;10.4085268;43.7210786;10.4085396;43.7210786;10.4085396;43.7210199;10.4085335;
15;43.7211022;10.4085254;43.7210989;10.4085434;43.7210989;10.4085396;43.7210483;10.4085371;
16;43.7211301;10.4085239;43.7211156;10.4085436;43.7211156;10.4085396;43.7210724;10.4085394;
Position;Real lat;Real Long;Google Lat;Google Long;Google + GioLayer Lat;Google+Gio Long;Google + Kalman Filter + GioLayerLat;Google + Kalman Filter + GioLong

0;43.7211209;10.4085384;43.721014;10.4085206;43.721014;10.4085206;43.721014;10.4085206;
1;43.7210949;10.4085389;43.7210082;10.4085284;43.7210082;10.4085284;43.7210119;10.4085236;
2;43.7210672;10.4085393;43.7210055;10.4085292;43.7210055;10.4085321;43.7210096;10.4085257;
3;43.7210398;10.4085398;43.7209897;10.4085336;43.7209897;10.4085336;43.7210024;10.408532000000001;
4;43.7210135;10.4085403;43.7209797;10.4085397;43.7209797;10.4085397;43.7209942;10.408532000000001;
5;43.72098;10.4085409;43.7209665;10.4085476;43.7209665;10.4085397;43.7209843;10.408538;
6;43.7209532;10.4085413;43.7209508;10.4085552;43.7209508;10.4085397;43.7209723;10.408538;
7;43.7209257;10.4085418;43.7209346;10.4085618;43.7209346;10.4085391;43.7209588;10.408538;
8;43.720898;10.4085423;43.7209058;10.4085676;43.7209058;10.4085391;43.7209398;10.408538;
9;43.7208717;10.4085428;43.7208772;10.4085676;43.7208772;10.4085391;43.7209173;10.408538;
10;43.7208436;10.4085432;43.7208499;10.4085663;43.7208499;10.4085391;43.7208932;10.408538;
11;43.7208164;10.4085437;43.7208104;10.4085675;43.7208104;10.4085391;43.7208635;10.408538;
12;43.72079;10.4085442;43.7207567;10.4085718;43.7207567;10.4085391;43.7208252;10.408538;
13;43.7207629;10.4085447;43.7207132;10.4085779;43.7207132;10.4085391;43.720785;10.408538;
14;43.7207348;10.4085451;43.7206633;10.4085838;43.7206633;10.4085391;43.7207414;10.408538;
15;43.720709;10.4085456;43.720625;10.408588;43.720625;10.4085391;43.7206996;10.408538;
16;43.7206817;10.4085461;43.7205942;10.4085884;43.7205942;10.4085391;43.7206618;10.408539000000001;
Position;Real lat;Real Long;Google Lat;Google Long;Google + GioLayer Lat;Google+Gio Long;Google + Kalman Filter + GioLayerLat;Google + Kalman Filter + GioLong

0;43.7206448;10.4082665;43.7206031;10.4083208;43.7206031;10.4083208;43.7206031;10.4083208;
1;43.7206182;10.4082665;43.720586;10.4083171;43.720586;10.4083171;43.7205967;10.4083195;
2;43.7205936;10.4082665;43.7205843;10.4083173;43.7205843;10.408279;43.7205922;10.4083187;
3;43.720566;10.4082665;43.7205602;10.4083177;43.7205602;10.408279;43.7205806;10.408279;
4;43.7205388;10.4082666;43.7205458;10.4083135;43.7205458;10.408279;43.7205681;10.408279;
5;43.7205147;10.4082666;43.7205335;10.4083113;43.7205335;10.408279;43.7205557;10.408279;
6;43.7204884;10.4082666;43.7205136;10.4083101;43.720508;10.4083101;43.7205406;10.408279;
7;43.7204639;10.4082666;43.7205088;10.4083077;43.720508;10.4083077;43.720507999999995;10.4083112;
8;43.7204373;10.4082666;43.7204657;10.4083309;43.7204657;10.4083309;43.7205064;10.4083183;
9;43.7204048;10.4082667;43.720455;10.4083276;43.720455;10.4083276;43.720488;10.4083216;
10;43.7203795;10.4082667;43.720424;10.4083059;43.720424;10.4083059;43.720465;10.408316;
11;43.7203537;10.4082667;43.7204054;10.4082949;43.7204141;10.4082949;43.7204437;10.4083084;
12;43.720326;10.4082667;43.7203531;10.408286;43.7203531;10.408279;43.720414000000005;10.4083004;
13;43.7202996;10.4082668;43.7203225;10.4082776;43.7203225;10.4082776;43.7203794;10.408279;
14;43.7202734;10.4082668;43.7202917;10.4082782;43.7202917;10.4082782;43.7203479;10.408279;
15;43.7202465;10.4082668;43.7202586;10.4082819;43.7202586;10.4082782;43.7203159;10.408279;
16;43.7202197;10.4082668;43.7202194;10.4082942;43.7202194;10.4082782;43.7202813;10.408279;
17;43.7201938;10.4082669;43.7201842;10.4083007;43.7201842;10.4082782;43.7202465;10.408279;
Position;Real lat;Real Long;Google Lat;Google Long;Google + GioLayer Lat;Google+Gio Long;Google + Kalman Filter + GioLayerLat;Google + Kalman Filter + GioLong

0;43.7211171;10.4085299;43.7209512;10.408545;43.7209512;10.408545;43.7209512;10.408545;
1;43.721095;10.4085301;43.7209339;10.408539;43.7209339;10.408539;43.7209447;10.4085428;
2;43.7210707;10.4085304;43.7209324;10.4085372;43.7209324;10.4085372;43.7209402;10.4085408;
3;43.7210453;10.4085307;43.7209221;10.4085388;43.7209221;10.4085388;43.7209337;10.408539000000001;
4;43.721018;10.4085311;43.7209154;10.4085396;43.7209154;10.4085396;43.7209271;10.4085399;
5;43.7209919;10.4085314;43.7209099;10.4085412;43.7209099;10.4085396;43.720921;10.4085399;
6;43.7209653;10.4085317;43.7209046;10.4085416;43.7209046;10.4085396;43.7209151;10.4085399;
7;43.7209398;10.408532;43.7208991;10.4085423;43.7208991;10.4085396;43.7209094;10.4085399;
8;43.7209146;10.4085323;43.7208895;10.4085429;43.7208895;10.4085396;43.7209023;10.4085399;
9;43.7208894;10.4085326;43.7208833;10.4085433;43.7208833;10.4085396;43.7208955;10.4085399;
10;43.7208649;10.4085329;43.720868;10.4085404;43.720868;10.4085396;43.7208856;10.4085399;
11;43.7208393;10.4085332;43.7208575;10.4085374;43.7208575;10.4085374;43.7208756;10.4085399;
12;43.7208116;10.4085335;43.7208132;10.4085344;43.7208132;10.4085344;43.7208532;10.4085381;
13;43.720785;10.4085338;43.7207655;10.4085307;43.7207655;10.4085344;43.7208217;10.4085355;
14;43.7207601;10.4085341;43.720712;10.4085324;43.720712;10.4085344;43.7207823;10.4085344;
15;43.7207289;10.4085345;43.7206665;10.4085355;43.7206665;10.4085355;43.7207408;10.4085348;
16;43.7207026;10.4085348;43.7206337;10.4085374;43.7206337;10.4085374;43.7207024;10.4085358;
17;43.7206794;10.4085351;43.7206115;10.4085409;43.7206115;10.4085374;43.7206698;10.4085376;
18;43.7206484;10.4085354;43.7205835;10.4085459;43.7205835;10.4085374;43.7206389;10.4085376;
19;43.7206129;10.4085359;43.720552;10.4085492;43.720552;10.4085374;43.7206077;10.4085376;
20;43.720586;10.4085362;43.7205285;10.4085475;43.7205285;10.4085374;43.7205793;10.4085376;
21;43.7205556;10.4085365;43.7205068;10.4085471;43.7205068;10.4085374;43.7205533;10.4085376;
22;43.7205272;10.4085369;43.7204899;10.4085488;43.7204899;10.4085374;43.7205306;10.4085376;
23;43.7205025;10.4085372;43.7204738;10.408552;43.7204738;10.4085374;43.7205103;10.4085376;
24;43.7204769;10.4085375;43.7204555;10.408554;43.7204555;10.4085374;43.7204906;10.4085376;
25;43.7204505;10.4085378;43.720436;10.4085503;43.720436;10.4085374;43.720471;10.4085376;
26;43.7204245;10.4085381;43.7204191;10.4085428;43.7204191;10.4085374;43.7204524;10.4085376;
27;43.7203986;10.4085384;43.720402;10.40853;43.720402;10.4085371;43.7204344;10.4085376;
28;43.7203716;10.4085387;43.7203831;10.4085143;43.7203831;10.4085371;43.720416;10.4085317;
29;43.7203466;10.408539;43.7203668;10.4085062;43.7203668;10.4085371;43.7203984;10.408537;
30;43.7203232;10.4085393;43.7203387;10.4085027;43.7203387;10.4085371;43.720377;10.408537;
31;43.7202984;10.4085396;43.7203118;10.4084984;43.7203118;10.4085371;43.7203536;10.408537;
32;43.7202721;10.4085399;43.7202814;10.4084986;43.7202814;10.4085371;43.7203277;10.408537;
33;43.7202457;10.4085402;43.7202491;10.4084995;43.7202491;10.4085371;43.7202995;10.408537;
34;43.7202193;10.4085405;43.7202207;10.4084998;43.7202207;10.4085371;43.7202713;10.408537;
35;43.7201912;10.4085408;43.7201949;10.4084969;43.720183;10.4084969;43.7202439;10.408537;
Position;Real lat;Real Long;Google Lat;Google Long;Google + GioLayer Lat;Google+Gio Long;Google + Kalman Filter + GioLayerLat;Google + Kalman Filter + GioLong

0;43.7204471;10.4082496;43.7204607;10.4083181;43.7204607;10.4083181;43.7204607;10.4083181;
1;43.7204693;10.40825;43.7204644;10.4083199;43.7204644;10.4083199;43.7204621;10.4083188;
2;43.7204962;10.4082506;43.7204773;10.4083252;43.7204773;10.4083252;43.7204677;10.4083212;
3;43.720523;10.4082511;43.7204808;10.4083239;43.7204808;10.4083239;43.7204725;10.4083222;
4;43.7205488;10.4082516;43.7205106;10.4083285;43.720508;10.4083285;43.7204862;10.4083245;
5;43.720575;10.4082521;43.7205222;10.408331;43.720508;10.408331;43.7204992;10.4083268;
6;43.7206007;10.4082526;43.7205452;10.4083261;43.7205452;10.408279;43.720507999999995;10.4083266;
7;43.7206267;10.4082531;43.7205601;10.4083272;43.7205601;10.408279;43.720507999999995;10.4083268;
8;43.7206545;10.4082536;43.7206007;10.4083293;43.7206007;10.408279;43.7205565;10.408279;
9;43.7206791;10.4082541;43.7206377;10.4083273;43.7206377;10.408279;43.7205856;10.408279;
10;43.7207058;10.4082546;43.7206869;10.4083211;43.7206869;10.4083211;43.720622;10.408279;
11;43.7207326;10.4082551;43.7207214;10.4083143;43.7207214;10.408279;43.7206577;10.408279;
12;43.7207583;10.4082556;43.7207469;10.4083085;43.7207469;10.408279;43.7206897;10.4083168;
13;43.7207841;10.4082561;43.7207729;10.4083011;43.7207729;10.408279;43.7207196;10.408279;
14;43.7208102;10.4082566;43.7207984;10.4082939;43.7207984;10.408279;43.7207479;10.408279;
15;43.720836;10.4082571;43.7208298;10.4082969;43.7208298;10.408279;43.7207773;10.408279;
16;43.7208618;10.4082576;43.7208602;10.4083039;43.7208602;10.408279;43.720807;10.408279;
17;43.7208881;10.4082582;43.7208906;10.4083161;43.7208906;10.4083161;43.720837;10.408279;
18;43.7209156;10.4082587;43.7209194;10.4083277;43.720916;10.4083277;43.7208666;10.408279;
19;43.7209399;10.4082592;43.7209523;10.4083354;43.720916;10.4083354;43.7208974;10.4083222;
20;43.7209665;10.4082597;43.7209819;10.4083409;43.7209819;10.408279;43.720915999999995;10.4083289;
21;43.7209909;10.4082601;43.7210116;10.4083432;43.7210116;10.408279;43.7209578;10.408279;
22;43.7210175;10.4082607;43.7210417;10.4083443;43.7210417;10.408279;43.7209879;10.408279;
23;43.7210515;10.4082613;43.7210786;10.4083478;43.7210786;10.408279;43.7210205;10.408279;
24;43.7210771;10.4082618;43.7211023;10.4083507;43.7211023;10.408279;43.7210498;10.408279;
25;43.721103;10.4082623;43.7211259;10.4083621;43.7211259;10.408279;43.7210771;10.408279;
Position;Real lat;Real Long;Google Lat;Google Long;Google + GioLayer Lat;Google+Gio Long;Google + Kalman Filter + GioLayerLat;Google + Kalman Filter + GioLong

0;43.7208796;10.4082495;43.7208971;10.4083963;43.7208971;10.4083963;43.7208971;10.4083963;
1;43.7208568;10.4082497;43.7208914;10.4083982;43.7208914;10.4083982;43.720895;10.4083971;
2;43.7208308;10.4082498;43.7208933;10.4083986;43.7208933;10.4083986;43.7208944;10.4083976;
3;43.7208022;10.40825;43.7208337;10.4083615;43.720872;10.4083615;43.720872;10.4083846;
4;43.7207738;10.4082502;43.7208134;10.4083448;43.7208134;10.408279;43.720872;10.4083703;
5;43.7207491;10.4082503;43.7207712;10.4083208;43.7207712;10.408279;43.720872;10.4083525;
6;43.7207193;10.4082505;43.7207397;10.4082918;43.7207397;10.408279;43.7207928;10.408279;
7;43.720694;10.4082507;43.7207095;10.4082761;43.7207095;10.4082761;43.7207629;10.408279;
8;43.7206657;10.4082509;43.7206851;10.4082627;43.7206851;10.4082627;43.720735;10.408279;
9;43.7206384;10.4082511;43.7206478;10.4082507;43.7206478;10.4082627;43.7207037;10.4082784;
10;43.7206117;10.4082512;43.7205899;10.4082454;43.7205899;10.4082627;43.7206629;10.4082666;
11;43.72058;10.4082514;43.7205473;10.4082395;43.7205473;10.4082627;43.7206214;10.4082666;
12;43.7205572;10.4082516;43.7205194;10.4082407;43.7205194;10.4082627;43.7205849;10.4082666;
13;43.7205265;10.4082518;43.720485;10.4082371;43.720485;10.4082627;43.7205491;10.4082666;
14;43.7205029;10.4082519;43.7204654;10.4082393;43.7204654;10.408262;43.7205191;10.4082666;
15;43.7204716;10.4082521;43.7204381;10.408235;43.7204381;10.408262;43.7204901;10.4082666;
16;43.7204437;10.4082523;43.720417;10.408243;43.720417;10.408262;43.7204639;10.4082666;
17;43.7204163;10.4082525;43.720394;10.4082487;43.720394;10.408262;43.7204388;10.4082666;
18;43.7203819;10.4082527;43.7203592;10.4082648;43.7203592;10.4082648;43.7204103;10.4082666;
19;43.7203488;10.4082529;43.7203318;10.4082718;43.7203318;10.4082718;43.7203822;10.4082666;
20;43.7203211;10.4082531;43.720313;10.4082767;43.720313;10.4082767;43.7203574;10.4082653;
21;43.7202938;10.4082533;43.7202967;10.4082839;43.7202967;10.4082767;43.7203356;10.408272;
22;43.7202679;10.4082534;43.7202772;10.4082878;43.7202772;10.4082767;43.7203147;10.4082777;
23;43.7202404;10.4082536;43.7202581;10.4082908;43.7202581;10.4082767;43.7202944;10.4082777;
24;43.7202143;10.4082538;43.7202388;10.4082938;43.7202388;10.4082767;43.7202745;10.4082777;
25;43.72018;10.408254;43.7202122;10.4083015;43.7202122;10.4082767;43.7202522;10.4082777;
Position;Real lat;Real Long;Google Lat;Google Long;Google + GioLayer Lat;Google+Gio Long;Google + Kalman Filter + GioLayerLat;Google + Kalman Filter + GioLong

0;43.7208796;10.4082495;43.7208971;10.4083963;43.7208971;10.4083963;43.7208971;10.4083963;
1;43.7208568;10.4082497;43.7208914;10.4083982;43.7208914;10.4083982;43.720895;10.4083971;
2;43.7208308;10.4082498;43.7208933;10.4083986;43.7208933;10.4083986;43.7208944;10.4083976;
3;43.7208022;10.40825;43.7208337;10.4083615;43.720872;10.4083615;43.720872;10.4083846;
4;43.7207738;10.4082502;43.7208134;10.4083448;43.7208134;10.408279;43.720872;10.4083703;
5;43.7207491;10.4082503;43.7207712;10.4083208;43.7207712;10.408279;43.720872;10.4083525;
6;43.7207193;10.4082505;43.7207397;10.4082918;43.7207397;10.408279;43.7207928;10.408279;
7;43.720694;10.4082507;43.7207095;10.4082761;43.7207095;10.4082761;43.7207629;10.408279;
8;43.7206657;10.4082509;43.7206851;10.4082627;43.7206851;10.4082627;43.720735;10.408279;
9;43.7206384;10.4082511;43.7206478;10.4082507;43.7206478;10.4082627;43.7207037;10.4082784;
10;43.7206117;10.4082512;43.7205899;10.4082454;43.7205899;10.4082627;43.7206629;10.4082666;
11;43.72058;10.4082514;43.7205473;10.4082395;43.7205473;10.4082627;43.7206214;10.4082666;
12;43.7205572;10.4082516;43.7205194;10.4082407;43.7205194;10.4082627;43.7205849;10.4082666;
13;43.7205265;10.4082518;43.720485;10.4082371;43.720485;10.4082627;43.7205491;10.4082666;
14;43.7205029;10.4082519;43.7204654;10.4082393;43.7204654;10.408262;43.7205191;10.4082666;
15;43.7204716;10.4082521;43.7204381;10.408235;43.7204381;10.408262;43.7204901;10.4082666;
16;43.7204437;10.4082523;43.720417;10.408243;43.720417;10.408262;43.7204639;10.4082666;
17;43.7204163;10.4082525;43.720394;10.4082487;43.720394;10.408262;43.7204388;10.4082666;
18;43.7203819;10.4082527;43.7203592;10.4082648;43.7203592;10.4082648;43.7204103;10.4082666;
19;43.7203488;10.4082529;43.7203318;10.4082718;43.7203318;10.4082718;43.7203822;10.4082666;
20;43.7203211;10.4082531;43.720313;10.4082767;43.720313;10.4082767;43.7203574;10.4082653;
21;43.7202938;10.4082533;43.7202967;10.4082839;43.7202967;10.4082767;43.7203356;10.408272;
22;43.7202679;10.4082534;43.7202772;10.4082878;43.7202772;10.4082767;43.7203147;10.4082777;
23;43.7202404;10.4082536;43.7202581;10.4082908;43.7202581;10.4082767;43.7202944;10.4082777;
24;43.7202143;10.4082538;43.7202388;10.4082938;43.7202388;10.4082767;43.7202745;10.4082777;
25;43.72018;10.408254;43.7202122;10.4083015;43.7202122;10.4082767;43.7202522;10.4082777;
Position;Real lat;Real Long;Google Lat;Google Long;Google + GioLayer Lat;Google+Gio Long;Google + Kalman Filter + GioLayerLat;Google + Kalman Filter + GioLong

0;43.7201977;10.4082621;43.7202367;10.4083152;43.7202367;10.4083152;43.7202367;10.4083152;
1;43.7202242;10.4082621;43.7202507;10.4083128;43.7202507;10.4083128;43.720242;10.4083143;
2;43.7202489;10.4082621;43.7202463;10.4083138;43.7202463;10.408279;43.7202436;10.4083142;
3;43.7202727;10.4082621;43.7202655;10.4083038;43.7202655;10.408279;43.7202515;10.408279;
4;43.7202989;10.4082621;43.7203006;10.4082977;43.7203006;10.408279;43.7202692;10.408279;
5;43.7203239;10.4082621;43.7203264;10.4082945;43.7203264;10.408279;43.7202898;10.408279;
6;43.7203526;10.4082621;43.7203481;10.4082864;43.7203481;10.408279;43.7203107;10.408279;
7;43.7203748;10.4082621;43.7203611;10.4082801;43.7203611;10.408279;43.7203288;10.408279;
8;43.7204043;10.4082621;43.7203949;10.4082776;43.7203949;10.4082776;43.7203526;10.408279;
9;43.7204295;10.4082621;43.7204239;10.4082766;43.7204239;10.4082766;43.7203782;10.408279;
10;43.7204552;10.408262;43.7204644;10.4082834;43.7204644;10.4082834;43.7204091;10.408279;
11;43.7204793;10.408262;43.7204924;10.4082838;43.7204924;10.4082838;43.720439;10.4082832;
12;43.7205044;10.408262;43.7205139;10.4082924;43.720508;10.4082924;43.7204659;10.4082866;
13;43.7205294;10.408262;43.7205362;10.4082983;43.7205362;10.408279;43.7204911;10.4082908;
14;43.7205547;10.408262;43.7205542;10.4083059;43.7205542;10.408279;43.720507999999995;10.4082962;
15;43.7205812;10.408262;43.7205723;10.4083117;43.7205723;10.408279;43.7205348;10.408279;
16;43.7206035;10.408262;43.7205833;10.4083198;43.7205833;10.408279;43.7205522;10.408279;
17;43.7206245;10.408262;43.7205976;10.4083258;43.7205976;10.408279;43.7205685;10.408279;
18;43.7206499;10.408262;43.7206182;10.4083307;43.7206182;10.408279;43.7205864;10.408279;
19;43.7206738;10.408262;43.7206417;10.4083305;43.7206417;10.408279;43.7206062;10.408279;
20;43.7207048;10.408262;43.7206745;10.4083252;43.7206745;10.4083252;43.7206307;10.408279;
21;43.72073;10.4082619;43.7207097;10.4083188;43.720693;10.4083188;43.7206591;10.408279;
22;43.7207548;10.4082619;43.7207392;10.4083124;43.7207392;10.408279;43.7206878;10.4083189;
23;43.72078;10.4082619;43.720766;10.4083094;43.720766;10.408279;43.720693;10.4083155;
24;43.720805;10.4082619;43.7207925;10.4083035;43.7207925;10.408279;43.7207434;10.408279;
25;43.7208299;10.4082619;43.7208147;10.4083007;43.7208147;10.408279;43.720769;10.408279;
26;43.7208611;10.4082619;43.7208427;10.4083037;43.7208427;10.408279;43.7207954;10.408279;
27;43.7208901;10.4082619;43.7208717;10.4083159;43.7208717;10.408279;43.7208228;10.408279;
Position;Real lat;Real Long;Google Lat;Google Long;Google + GioLayer Lat;Google+Gio Long;Google + Kalman Filter + GioLayerLat;Google + Kalman Filter + GioLong

0;43.7204446;10.4082682;43.7204551;10.4083657;43.7204551;10.4083657;43.7204551;10.4083657;
1;43.7204437;10.408285;43.7204536;10.4083647;43.7204536;10.4083647;43.7204546;10.4083654;
2;43.7204428;10.4083016;43.7204529;10.4083644;43.7204529;10.4083644;43.720454;10.408365;
3;43.7204415;10.4083253;43.7204513;10.4083647;43.7204513;10.4083647;43.720453;10.4083649;
4;43.7204406;10.4083419;43.7204511;10.4083633;43.7204511;10.4083633;43.7204524;10.4083644;
5;43.7204393;10.4083668;43.7204521;10.4083604;43.7204521;10.4083604;43.7204523;10.408363;
6;43.7204384;10.4083837;43.7204525;10.4083591;43.7204525;10.4083591;43.7204524;10.4083616;
7;43.7204374;10.4084008;43.7204483;10.4083637;43.7204483;10.4083637;43.7204509;10.4083624;
8;43.7204362;10.4084236;43.7204417;10.4083705;43.7204417;10.4083705;43.7204476;10.4083653;
9;43.7204353;10.4084411;43.7204401;10.4083732;43.7204401;10.4083732;43.7204449;10.4083682;
10;43.7204344;10.408458;43.7204394;10.4083727;43.7204394;10.4083727;43.720443;10.4083698;
11;43.7204334;10.4084751;43.7204389;10.4083709;43.7204389;10.4083709;43.7204415;10.4083702;
12;43.7204325;10.4084919;43.7204385;10.408369;43.7204385;10.408369;43.7204405;10.4083698;
13;43.7204315;10.4085104;43.7204384;10.4083668;43.7204384;10.4083668;43.7204397;10.4083687;
Position;Real lat;Real Long;Google Lat;Google Long;Google + GioLayer Lat;Google+Gio Long;Google + Kalman Filter + GioLayerLat;Google + Kalman Filter + GioLong

0;43.7206656;10.4085343;43.720615;10.4085331;43.720615;10.4085331;43.720615;10.4085331;
1;43.7206651;10.4085158;43.7206146;10.4085347;43.7206146;10.4085347;43.7206149;10.4085338;
2;43.7206647;10.4085;43.7206137;10.4085346;43.7206137;10.4085346;43.7206145;10.4085341;
3;43.720664;10.4084772;43.720613;10.4085345;43.720613;10.4085345;43.720614;10.4085343;
4;43.7206636;10.4084604;43.7206119;10.4085321;43.7206119;10.4085321;43.7206132;10.4085335;
5;43.7206631;10.4084439;43.7206194;10.4085117;43.7206194;10.4085321;43.7206155;10.408532000000001;
6;43.7206626;10.4084247;43.7206292;10.4084877;43.7206292;10.4085321;43.7206204;10.408532000000001;
7;43.7206621;10.4084077;43.7206348;10.4084763;43.7206671;10.4084763;43.7206256;10.408532000000001;
8;43.7206616;10.40839;43.720636;10.4084702;43.7206671;10.4084702;43.7206294;10.408532000000001;
9;43.7206609;10.4083638;43.7206402;10.4084531;43.7206671;10.4084531;43.720667000000006;10.408476;
10;43.7206604;10.4083474;43.7206472;10.4084322;43.7206671;10.4084322;43.720667000000006;10.4084603;
11;43.72066;10.4083302;43.7206523;10.4084188;43.7206671;10.4084188;43.720667000000006;10.4084454;
12;43.7206595;10.4083114;43.7206559;10.4084068;43.7206671;10.4084068;43.720667000000006;10.4084315;
13;43.7206589;10.4082917;43.7206503;10.4083778;43.7206671;10.4083778;43.720667000000006;10.4084122;
14;43.7206584;10.4082747;43.7206425;10.4083434;43.7206671;10.4083434;43.720667000000006;10.4083875;
Position;Real lat;Real Long;Google Lat;Google Long;Google + GioLayer Lat;Google+Gio Long;Google + Kalman Filter + GioLayerLat;Google + Kalman Filter + GioLong

0;43.7201689;10.4082765;43.7201912;10.4083602;43.7201912;10.4083602;43.7201912;10.4083602;
1;43.7201691;10.408294;43.7201926;10.4083637;43.7201926;10.4083637;43.7201918;10.4083616;
2;43.7201693;10.4083111;43.7201889;10.4083767;43.720183;10.4083767;43.7201907;10.4083671;
3;43.7201696;10.4083358;43.7201849;10.4083898;43.720183;10.4083898;43.720183;10.4083754;
4;43.7201699;10.4083526;43.7201836;10.4083944;43.720183;10.4083944;43.720183;10.4083822;
5;43.7201701;10.4083694;43.7201823;10.4084006;43.720183;10.4084006;43.720183;10.4083889;
6;43.7201703;10.4083861;43.7201823;10.4084074;43.720183;10.4084074;43.720183;10.4083955;
7;43.7201705;10.4084021;43.7201823;10.4084131;43.720183;10.4084131;43.720183;10.4084019;
8;43.7201707;10.4084186;43.720181;10.4084189;43.720181;10.4084189;43.720183;10.408408;
9;43.7201709;10.4084349;43.7201803;10.4084231;43.7201803;10.4084231;43.7201818;10.4084134;
10;43.7201711;10.4084511;43.7201839;10.40845;43.7201803;10.40845;43.7201818;10.4084266;
11;43.7201713;10.408467;43.7201855;10.4084679;43.720183;10.4084679;43.7201818;10.4084415;
12;43.7201715;10.4084841;43.7201867;10.4084824;43.720183;10.4084824;43.720183;10.4084562;
13;43.7201717;10.4085009;43.7201872;10.4084941;43.720183;10.4084941;43.720183;10.4084698;
Position;Real lat;Real Long;Google Lat;Google Long;Google + GioLayer Lat;Google+Gio Long;Google + Kalman Filter + GioLayerLat;Google + Kalman Filter + GioLong

0;43.7201693;10.408524;43.720212;10.4084893;43.720212;10.4084893;43.720212;10.4084893;
1;43.7201699;10.4085071;43.7202123;10.4084831;43.7202123;10.4084831;43.7202122;10.408487;
2;43.7201705;10.4084888;43.7202087;10.4084796;43.720183;10.4084796;43.7202109;10.4084843;
3;43.720171;10.4084728;43.7202068;10.4084742;43.720183;10.4084742;43.720183;10.4084807;
4;43.7201715;10.4084573;43.7202058;10.4084684;43.720183;10.4084684;43.720183;10.4084763;
5;43.720172;10.4084398;43.7202051;10.4084617;43.720183;10.4084617;43.720183;10.408471;
6;43.7201726;10.4084234;43.7202035;10.4084617;43.720183;10.4084617;43.720183;10.4084677;
7;43.7201731;10.4084071;43.7202016;10.4084586;43.720183;10.4084586;43.720183;10.4084645;
8;43.7201736;10.4083901;43.7202008;10.4084545;43.720183;10.4084545;43.720183;10.4084609;
9;43.7201742;10.408373;43.720201;10.4084503;43.720183;10.4084503;43.720183;10.4084571;
10;43.7201747;10.4083565;43.7201975;10.4084337;43.720183;10.4084337;43.720183;10.4084487;
11;43.7201753;10.408339;43.7201908;10.408414;43.720183;10.408414;43.720183;10.4084362;
12;43.7201758;10.4083205;43.7201847;10.4083995;43.720183;10.4083995;43.720183;10.4084231;
13;43.7201764;10.4083037;43.7201803;10.4083886;43.7201803;10.4083886;43.720183;10.4084107;
14;43.7201769;10.408286;43.7201743;10.4083724;43.7201743;10.4083724;43.720183;10.408397;
15;43.7201775;10.4082687;43.7201689;10.4083573;43.7201689;10.4083573;43.7201781;10.4083827;
Position;Real lat;Real Long;Google Lat;Google Long;Google + GioLayer Lat;Google+Gio Long;Google + Kalman Filter + GioLayerLat;Google + Kalman Filter + GioLong

0;43.720185;10.4085066;43.7202353;10.4085246;43.7202353;10.4085246;43.7202353;10.4085246;
1;43.7201829;10.408466;43.7202314;10.4085146;43.7202314;10.4085146;43.7202339;10.4085209;
2;43.7201812;10.4084306;43.7202338;10.4085189;43.7202338;10.4085371;43.7202339;10.4085202;
3;43.720179;10.4083868;43.7202239;10.4085038;43.7202239;10.4085371;43.7202303;10.408537;
4;43.7201771;10.4083501;43.7202213;10.4084943;43.7202213;10.4085371;43.7202271;10.408537;
5;43.7201752;10.408312;43.7202067;10.4084658;43.720183;10.4084658;43.7202198;10.408537;
6;43.7201732;10.408273;43.7201964;10.4084444;43.720183;10.4084444;43.720183;10.4084751;
Position;Real lat;Real Long;Google Lat;Google Long;Google + GioLayer Lat;Google+Gio Long;Google + Kalman Filter + GioLayerLat;Google + Kalman Filter + GioLong

0;43.7201908;10.4082621;43.7202086;10.4083575;43.7202086;10.4083575;43.7202086;10.4083575;
1;43.7202171;10.4082603;43.7202226;10.4083618;43.7202226;10.4083618;43.7202139;10.4083592;
2;43.7202429;10.4082586;43.7202362;10.408365;43.720183;10.408365;43.7202221;10.4083613;
3;43.7202668;10.408257;43.7202511;10.4083731;43.7202511;10.408279;43.720183;10.4083656;
4;43.7202889;10.4082555;43.7202664;10.4083722;43.7202664;10.408279;43.720183;10.408368;
5;43.7203143;10.4082538;43.7202797;10.4083784;43.7202797;10.408279;43.7202574;10.408279;
6;43.720343;10.4082519;43.7203128;10.4083723;43.7203128;10.408279;43.7202773;10.408279;
7;43.720369;10.4082501;43.7203367;10.4083702;43.7203367;10.408279;43.7202986;10.408279;
8;43.7203942;10.4082484;43.7203967;10.4083532;43.7203967;10.408279;43.7203339;10.408279;
9;43.7204192;10.4082468;43.7204375;10.4083453;43.7204375;10.4083453;43.7203711;10.408279;
10;43.7204449;10.4082451;43.7204804;10.4083396;43.7204804;10.4083396;43.7204103;10.408279;
Position;Real lat;Real Long;Google Lat;Google Long;Google + GioLayer Lat;Google+Gio Long;Google + Kalman Filter + GioLayerLat;Google + Kalman Filter + GioLong

0;43.7211195;10.4082581;43.721104;10.4083871;43.721104;10.4083871;43.721104;10.4083871;
1;43.7210931;10.4082607;43.7211138;10.4083851;43.7211138;10.4083851;43.7211077;10.4083864;
2;43.7210709;10.4082629;43.7211091;10.4083966;43.721148;10.4083966;43.7211082;10.4083902;
3;43.7210466;10.4082653;43.7210811;10.4083927;43.721148;10.4083927;43.721148;10.4083911;
4;43.7210184;10.4082681;43.7210785;10.4083915;43.721148;10.4083915;43.721148;10.4083913;
5;43.7209953;10.4082704;43.721038;10.408377;43.721038;10.408279;43.721148;10.4083861;
6;43.7209715;10.4082728;43.721019;10.4083689;43.721019;10.408279;43.7210531;10.408279;
7;43.720937;10.4082762;43.7209792;10.4083452;43.7209792;10.408279;43.7210266;10.408279;
8;43.7209103;10.4082789;43.7209668;10.4083355;43.7209668;10.408279;43.7210052;10.408279;
9;43.720888;10.4082811;43.7209411;10.4083328;43.720916;10.4083328;43.7209822;10.408279;
Position;Real lat;Real Long;Google Lat;Google Long;Google + GioLayer Lat;Google+Gio Long;Google + Kalman Filter + GioLayerLat;Google + Kalman Filter + GioLong

0;43.7201916;10.4085392;43.7202166;10.4085002;43.7202166;10.4085002;43.7202166;10.4085002;
1;43.7202031;10.4085388;43.7202148;10.4084969;43.7202148;10.4084969;43.720216;10.408499;
2;43.7202123;10.4085385;43.7202139;10.4084907;43.720183;10.4084907;43.7202152;10.408496;
3;43.7202215;10.4085382;43.7202307;10.4084839;43.7202307;10.4085371;43.7202209;10.408537;
4;43.72023;10.4085379;43.7202345;10.4084796;43.7202345;10.4085371;43.7202258;10.408537;
5;43.7202391;10.4085376;43.7202476;10.4084756;43.7202476;10.4085371;43.7202336;10.408537;
6;43.7202508;10.4085372;43.7202562;10.4084693;43.7202562;10.4085371;43.7202418;10.408537;
7;43.7202599;10.4085368;43.7202743;10.4084708;43.7202743;10.4085371;43.7202535;10.408537;
8;43.7202701;10.4085365;43.7202987;10.4084715;43.7202987;10.4085371;43.7202697;10.408537;
Position;Real lat;Real Long;Google Lat;Google Long;Google + GioLayer Lat;Google+Gio Long;Google + Kalman Filter + GioLayerLat;Google + Kalman Filter + GioLong

0;43.7206292;10.4082609;43.7205854;10.4083274;43.7205854;10.4083274;43.7205854;10.4083274;
1;43.7205942;10.4082584;43.7205539;10.408322;43.7205539;10.408322;43.7205736;10.4083254;
2;43.720565;10.4082563;43.7205431;10.4083192;43.7205431;10.408279;43.7205625;10.4083232;
3;43.7205333;10.4082541;43.7205375;10.4083198;43.7205375;10.408279;43.7205535;10.408279;
4;43.720507;10.4082522;43.7205205;10.4083153;43.720508;10.4083153;43.7205416;10.408279;
5;43.7204756;10.4082499;43.7205125;10.4083132;43.720508;10.4083132;43.720507999999995;10.4083173;
6;43.7204476;10.4082479;43.720494;10.4083042;43.720494;10.4083042;43.720507999999995;10.4083126;
Position;Real lat;Real Long;Google Lat;Google Long;Google + GioLayer Lat;Google+Gio Long;Google + Kalman Filter + GioLayerLat;Google + Kalman Filter + GioLong

0;43.7201825;10.408544;43.7201987;10.408476;43.7201987;10.408476;43.7201987;10.408476;
1;43.7202072;10.4085431;43.7202019;10.4084852;43.7202019;10.4084852;43.7202;10.4084795;
2;43.7202364;10.4085421;43.7202152;10.4084976;43.7202152;10.4085371;43.7202056;10.4084862;
3;43.7202646;10.4085412;43.7202254;10.408506;43.7202254;10.4085371;43.720183;10.4084933;
4;43.7202932;10.4085402;43.7202406;10.4085105;43.7202406;10.4085371;43.7202228;10.408537;
5;43.7203217;10.4085392;43.7202603;10.4085169;43.7202603;10.4085371;43.7202363;10.408537;
6;43.7203491;10.4085383;43.7202674;10.4085185;43.7202674;10.4085371;43.7202475;10.408537;
7;43.720377;10.4085374;43.720273;10.4085214;43.720273;10.4085371;43.7202566;10.408537;
8;43.7204058;10.4085364;43.7202776;10.4085239;43.7202776;10.4085371;43.7202642;10.408537;
9;43.7204345;10.4085354;43.7203872;10.4085442;43.7203872;10.4085442;43.7203084;10.408537;
10;43.7204617;10.4085345;43.7204271;10.4085485;43.7204271;10.4085391;43.720351;10.408537;
Position;Real lat;Real Long;Google Lat;Google Long;Google + GioLayer Lat;Google+Gio Long;Google + Kalman Filter + GioLayerLat;Google + Kalman Filter + GioLong

0;43.7204446;10.4082682;43.7204551;10.4083657;43.7204551;10.4083657;43.7204551;10.4083657;
1;43.7204437;10.408285;43.7204536;10.4083647;43.7204536;10.4083647;43.7204546;10.4083654;
2;43.7204428;10.4083016;43.7204529;10.4083644;43.7204529;10.4083644;43.720454;10.408365;
3;43.7204415;10.4083253;43.7204513;10.4083647;43.7204513;10.4083647;43.720453;10.4083649;
4;43.7204406;10.4083419;43.7204511;10.4083633;43.7204511;10.4083633;43.7204524;10.4083644;
5;43.7204393;10.4083668;43.7204521;10.4083604;43.7204521;10.4083604;43.7204523;10.408363;
6;43.7204384;10.4083837;43.7204525;10.4083591;43.7204525;10.4083591;43.7204524;10.4083616;
7;43.7204374;10.4084008;43.7204483;10.4083637;43.7204483;10.4083637;43.7204509;10.4083624;
8;43.7204362;10.4084236;43.7204417;10.4083705;43.7204417;10.4083705;43.7204476;10.4083653;
9;43.7204353;10.4084411;43.7204401;10.4083732;43.7204401;10.4083732;43.7204449;10.4083682;
10;43.7204344;10.408458;43.7204394;10.4083727;43.7204394;10.4083727;43.720443;10.4083698;
11;43.7204334;10.4084751;43.7204389;10.4083709;43.7204389;10.4083709;43.7204415;10.4083702;
12;43.7204325;10.4084919;43.7204385;10.408369;43.7204385;10.408369;43.7204405;10.4083698;
13;43.7204315;10.4085104;43.7204384;10.4083668;43.7204384;10.4083668;43.7204397;10.4083687;
Position;Real lat;Real Long;Google Lat;Google Long;Google + GioLayer Lat;Google+Gio Long;Google + Kalman Filter + GioLayerLat;Google + Kalman Filter + GioLong

0;43.7206568;10.4085198;43.7206159;10.4085181;43.7206159;10.4085181;43.7206159;10.4085181;
1;43.7206563;10.4084834;43.7206233;10.408521;43.7206233;10.408521;43.7206187;10.4085192;
2;43.7206558;10.4084505;43.7206246;10.4085184;43.7206246;10.4085321;43.7206209;10.4085189;
3;43.7206554;10.4084172;43.7206343;10.4084837;43.7206671;10.4084837;43.7206258;10.408532000000001;
4;43.7206549;10.4083824;43.7206432;10.4084594;43.7206671;10.4084594;43.7206321;10.408532000000001;
5;43.7206545;10.4083479;43.7206482;10.4084343;43.7206671;10.4084343;43.720667000000006;10.4084696;
6;43.720654;10.4083153;43.7206533;10.4084115;43.7206671;10.4084115;43.720667000000006;10.4084488;
7;43.7206535;10.4082781;43.720656;10.4083806;43.7206671;10.4083806;43.720667000000006;10.4084243;
Position;Real lat;Real Long;Google Lat;Google Long;Google + GioLayer Lat;Google+Gio Long;Google + Kalman Filter + GioLayerLat;Google + Kalman Filter + GioLong

0;43.7208748;10.4085004;43.7208301;10.4084924;43.7208301;10.4084924;43.7208301;10.4084924;
1;43.7208743;10.4084663;43.7208381;10.4084827;43.7208381;10.4084827;43.7208332;10.4084888;
2;43.7208739;10.4084308;43.7208686;10.4084766;43.720872;10.4084766;43.7208462;10.4084844;
3;43.7208735;10.4083951;43.7208767;10.4084738;43.7208767;10.4084738;43.720872;10.4084806;
4;43.7208731;10.4083598;43.7208858;10.4084679;43.7208858;10.4084679;43.720872;10.408476;
5;43.7208725;10.4083163;43.7208959;10.408464;43.7208959;10.408464;43.7208777;10.4084717;
6;43.7208721;10.4082805;43.7209073;10.4084614;43.7209073;10.4084614;43.7208884;10.408468;
7;43.7208716;10.4082421;43.7209149;10.4084582;43.7209149;10.4084582;43.7208979;10.4084645;
Position;Real lat;Real Long;Google Lat;Google Long;Google + GioLayer Lat;Google+Gio Long;Google + Kalman Filter + GioLayerLat;Google + Kalman Filter + GioLong

0;43.7204461;10.4085277;43.7204805;10.4084406;43.7204805;10.4084406;43.7204805;10.4084406;
1;43.7204461;10.4085184;43.7204798;10.4084253;43.7204798;10.4084253;43.7204803;10.4084349;
2;43.7204461;10.4085099;43.7204615;10.4083766;43.7204615;10.4083766;43.7204734;10.4084136;
3;43.7204461;10.4085011;43.7204551;10.4083429;43.7204551;10.4083429;43.7204668;10.408388;
4;43.720446;10.4084922;43.7204462;10.408316;43.7204462;10.408316;43.7204594;10.4083621;
5;43.720446;10.4084833;43.7204393;10.4082837;43.7204393;10.4082837;43.7204522;10.408334;
6;43.720446;10.4084745;43.7204364;10.4082609;43.7204364;10.408262;43.7204466;10.4083078;
Position;Real lat;Real Long;Google Lat;Google Long;Google + GioLayer Lat;Google+Gio Long;Google + Kalman Filter + GioLayerLat;Google + Kalman Filter + GioLong

0;43.7208622;10.408286;43.7209122;10.4083981;43.7209122;10.4083981;43.7209122;10.4083981;
1;43.7208624;10.4083223;43.7209129;10.4083944;43.7209129;10.4083944;43.7209125;10.4083968;
2;43.7208626;10.408364;43.7209129;10.4084095;43.7209129;10.4084095;43.7209127;10.4084014;
3;43.7208627;10.4083985;43.7209125;10.4084076;43.7209125;10.4084076;43.7209126;10.4084037;
4;43.7208629;10.408434;43.7209087;10.4084231;43.7209087;10.4084231;43.7209112;10.4084107;
5;43.720863;10.4084687;43.7209068;10.408428;43.7209068;10.408428;43.7209097;10.4084169;
6;43.7208632;10.4085045;43.7209074;10.4084417;43.7209074;10.4084417;43.7209089;10.4084258;
Position;Real lat;Real Long;Google Lat;Google Long;Google + GioLayer Lat;Google+Gio Long;Google + Kalman Filter + GioLayerLat;Google + Kalman Filter + GioLong

0;43.7206697;10.4085249;43.7206079;10.4084957;43.7206079;10.4084957;43.7206079;10.4084957;
1;43.72067;10.4084912;43.7206111;10.4085098;43.7206111;10.4085098;43.7206092;10.4085011;
2;43.7206703;10.4084551;43.7206162;10.4085116;43.7206162;10.4085321;43.7206118;10.4085049;
3;43.7206706;10.408418;43.7206335;10.4084809;43.7206671;10.4084809;43.7206196;10.408532000000001;
4;43.7206709;10.4083807;43.7206372;10.408477;43.7206671;10.408477;43.720626;10.408532000000001;
5;43.7206712;10.4083452;43.720643;10.4084415;43.7206671;10.4084415;43.720667000000006;10.4084721;
6;43.7206715;10.4083087;43.7206469;10.4084263;43.7206671;10.4084263;43.720667000000006;10.4084557;
7;43.7206718;10.4082735;43.7206422;10.4083849;43.7206671;10.4083849;43.720667000000006;10.4084303;
Position;Real lat;Real Long;Google Lat;Google Long;Google + GioLayer Lat;Google+Gio Long;Google + Kalman Filter + GioLayerLat;Google + Kalman Filter + GioLong

0;43.7204557;10.4082788;43.7204206;10.4083209;43.7204206;10.4083209;43.7204206;10.4083209;
1;43.7204551;10.4083215;43.7204244;10.4083684;43.7204244;10.4083684;43.7204221;10.4083388;
2;43.7204545;10.4083572;43.7204212;10.4083957;43.7204212;10.4083957;43.7204218;10.4083596;
3;43.720454;10.4083916;43.7204174;10.4084187;43.7204174;10.4084187;43.7204202;10.408381;
4;43.7204535;10.4084275;43.7204184;10.4084433;43.7204184;10.4084433;43.7204196;10.4084035;
5;43.720453;10.4084632;43.7204194;10.4084548;43.7204194;10.4084548;43.7204195;10.4084219;
6;43.7204525;10.4084982;43.7204153;10.4084577;43.7204153;10.4084577;43.720418;10.4084348;

